27.675250207803, 85.352358994142
27.675234789373, 85.352612271596
27.675219370483, 85.352865548979
27.675203951133, 85.353118826290
27.675188531322, 85.353372103530
27.675173111050, 85.353625380699
27.675157690318, 85.353878657796
27.675142269126, 85.354131934821
27.675126847472, 85.354385211775
27.675111425359, 85.354638488657
27.675096002785, 85.354891765468
27.675080579750, 85.355145042207
27.675065156255, 85.355398318875
27.675049732299, 85.355651595471
27.675034307883, 85.355904871996
27.675018883006, 85.356158148449
27.675003457669, 85.356411424831
27.674988031871, 85.356664701141
27.674972605613, 85.356917977380
27.674957178894, 85.357171253547
27.674941751714, 85.357424529643
27.674926324074, 85.357677805667
27.674910895974, 85.357931081619
27.674895467413, 85.358184357501
27.674880038392, 85.358437633310
27.674864608910, 85.358690909048
27.674849178967, 85.358944184714
27.674833748564, 85.359197460309
27.674818317701, 85.359450735833
27.674802886377, 85.359704011284
27.674787454592, 85.359957286664
27.674772022347, 85.360210561973
27.674756589642, 85.360463837210
27.674741156476, 85.360717112376
27.674725722849, 85.360970387470
27.674710288762, 85.361223662492
27.674694854215, 85.361476937443
27.674679419207, 85.361730212322
27.674663983738, 85.361983487130
27.674648547809, 85.362236761866
27.674633111419, 85.362490036531
27.674617674569, 85.362743311124
27.674602237259, 85.362996585645
27.674586799487, 85.363249860095
27.674571361256, 85.363503134473
27.674555922564, 85.363756408780
27.674540483411, 85.364009683015
27.674525043798, 85.364262957179
27.674509603724, 85.364516231271
27.674494163190, 85.364769505291
27.674478722195, 85.365022779240
27.674463280740, 85.365276053117
27.674447838825, 85.365529326923
27.674432396448, 85.365782600657
27.674416953612, 85.366035874319
27.674401510315, 85.366289147910
27.674386066557, 85.366542421429
27.674370622339, 85.366795694876
27.674355177660, 85.367048968252
27.674339732521, 85.367302241557
27.674324286921, 85.367555514789
27.674308840861, 85.367808787951
27.674293394340, 85.368062061040
27.674277947359, 85.368315334058
27.674262499918, 85.368568607004
27.674247052015, 85.368821879879
27.674231603653, 85.369075152682
27.674216154830, 85.369328425413
27.674200705546, 85.369581698073
27.674185255802, 85.369834970661
27.674169805597, 85.370088243177
27.674154354932, 85.370341515622
27.674138903806, 85.370594787996
27.674123452220, 85.370848060297
27.674108000174, 85.371101332527
27.674092547666, 85.371354604685
27.674077094699, 85.371607876772
27.674061641271, 85.371861148787
27.674046187382, 85.372114420730
27.674030733033, 85.372367692602
27.674015278223, 85.372620964402
27.673999822953, 85.372874236130
27.673984367223, 85.373127507787
27.673968911032, 85.373380779372
27.673953454380, 85.373634050886
27.673937997268, 85.373887322327
27.673922539696, 85.374140593697
27.673907081663, 85.374393864996
27.673891623169, 85.374647136222
27.673876164215, 85.374900407377
27.673860704801, 85.375153678461
27.673845244926, 85.375406949473
27.673829784590, 85.375660220413
27.673814323794, 85.375913491281
27.673798862538, 85.376166762078
27.673783400821, 85.376420032803
27.673767938644, 85.376673303456
27.673752476006, 85.376926574037
27.673737012908, 85.377179844547
27.673721549349, 85.377433114986
27.673706085329, 85.377686385352
27.673690620850, 85.377939655647
27.673675155909, 85.378192925870
27.673659690509, 85.378446196021
27.673644224647, 85.378699466101
27.673628758326, 85.378952736109
27.673613291543, 85.379206006045
27.673597824301, 85.379459275910
27.673582356598, 85.379712545703
27.673566888434, 85.379965815424
27.673551419810, 85.380219085073
27.673535950725, 85.380472354651
27.673520481180, 85.380725624157
27.673505011175, 85.380978893591
27.673489540709, 85.381232162954
27.673474069782, 85.381485432245
27.673458598395, 85.381738701464
27.673443126548, 85.381991970611
27.673427654240, 85.382245239687
27.673412181472, 85.382498508691
27.673396708243, 85.382751777623
27.673381234553, 85.383005046483
27.673365760404, 85.383258315272
27.673350285793, 85.383511583989
27.673334810723, 85.383764852634
27.673319335191, 85.384018121208
27.673303859200, 85.384271389709
27.673288382747, 85.384524658139
27.673272905835, 85.384777926498
27.673257428462, 85.385031194784
27.673241950628, 85.385284462999
27.673226472334, 85.385537731142
27.673210993580, 85.385790999213
27.673195514365, 85.386044267212
27.673180034689, 85.386297535140
27.673164554553, 85.386550802996
27.673149073957, 85.386804070780
27.673133592900, 85.387057338492
27.673118111383, 85.387310606133
27.673102629405, 85.387563873701
27.673087146967, 85.387817141198
27.673071664068, 85.388070408624
27.673056180709, 85.388323675977
27.673040696889, 85.388576943259
27.673025212609, 85.388830210468
27.673009727868, 85.389083477607
27.672994242667, 85.389336744673
27.672978757006, 85.389590011667
27.672963270884, 85.389843278590
27.672947784302, 85.390096545441
27.672932297259, 85.390349812220
27.672916809755, 85.390603078927
27.672901321792, 85.390856345563
27.672885833367, 85.391109612126
27.672870344483, 85.391362878618
27.672854855138, 85.391616145038
27.672839365332, 85.391869411387
27.672823875066, 85.392122677663
27.672808384339, 85.392375943868
27.672792893152, 85.392629210001
27.672777401505, 85.392882476062
27.672761909397, 85.393135742051
27.672746416829, 85.393389007968
27.672730923800, 85.393642273814
27.672715430310, 85.393895539587
27.672699936361, 85.394148805289
27.672684441951, 85.394402070919
27.672668947080, 85.394655336477
27.672653451749, 85.394908601964
27.672637955957, 85.395161867378
27.672622459705, 85.395415132721
27.672606962993, 85.395668397992
27.672591465820, 85.395921663191
27.672575968187, 85.396174928318
27.672560470093, 85.396428193373
27.672544971539, 85.396681458357
27.672529472524, 85.396934723268
27.672513973049, 85.397187988108
27.672498473113, 85.397441252876
27.672482972717, 85.397694517572
27.672467471861, 85.397947782196
27.672451970544, 85.398201046748
27.672436468766, 85.398454311229
27.672420966528, 85.398707575637
27.672411587100, 85.398860806306
